<svg xmlns="http://www.w3.org/2000/svg" xmlns:svgjs="http://svgjs.com/svgjs" xmlns:xlink="http://www.w3.org/1999/xlink" width="288" height="288"><svg xmlns="http://www.w3.org/2000/svg" width="288" height="288" version="1.0" viewBox="0 0 493 493"><path fill="#b31e6f" d="M2255 4239 c-223 -22 -412 -76 -620 -180 -164 -82 -186 -94 -285-170 -372 -282 -615 -674 -705 -1139 -26 -130 -31 -409 -11 -553 54 -383 229
-752 478 -1005 70 -72 66 -72 113 19 13 25 65 95 114 155 85 103 162 223 144
225 -4 1 -15 1 -24 0 -9 -1 -21 5 -28 13 -10 11 -2 26 40 76 28 34 56 59 62
56 137 -61 138 -61 267 -61 100 0 136 4 178 20 73 27 80 38 41 65 -74 53 -240
81 -353 60 -37 -7 -69 -10 -73 -7 -3 3 39 51 93 106 l99 101 69 -34 c85 -42
177 -60 270 -53 76 6 177 36 183 54 5 14 -65 56 -127 78 -69 24 -177 36 -245
26 -33 -5 -63 -6 -67 -2 -6 5 99 101 175 160 15 12 26 10 80 -14 114 -52 305
-46 420 12 38 19 46 27 37 37 -17 22 -99 53 -170 66 -60 11 -180 7 -216 -7
-35 -13 -9 20 44 55 41 29 73 41 112 47 74 10 163 40 230 78 95 54 230 205
230 258 0 16 -102 4 -184 -21 -120 -38 -257 -142 -326 -250 -28 -43 -115 -118
-126 -108 -2 3 9 34 26 69 37 80 55 185 46 262 -4 31 -11 57 -15 57 -18 0 -92
-82 -129 -144 -51 -84 -76 -188 -70 -287 l4 -70 -89 -75 c-49 -42 -91 -73 -94
-71 -3 3 3 30 13 59 24 73 24 215 0 288 -24 71 -34 84 -53 68 -21 -17 -64
-105 -79 -163 -21 -77 -18 -214 6 -286 l21 -60 -77 -82 c-75 -81 -104 -106
-104 -90 1 4 7 35 15 68 19 78 19 158 -1 242 -15 65 -41 123 -55 123 -13 0
-49 -66 -70 -126 -12 -36 -22 -99 -26 -161 -3 -57 -10 -103 -15 -103 -4 0 -37
29 -72 65 -83 83 -142 188 -158 283 -10 59 -15 72 -32 74 -16 2 -25 18 -40 68
-16 54 -19 99 -20 260 -1 205 7 253 56 352 17 36 17 37 -2 43 -24 8 -25 17 -5
54 17 35 102 111 123 111 10 0 12 6 7 23 -16 51 -17 122 -2 142 15 20 16 20
45 -8 l29 -28 7 31 c8 43 44 92 65 88 9 -2 18 -16 21 -35 l5 -32 35 30 c97 85
227 121 620 169 280 34 321 41 389 62 36 11 83 31 104 44 48 32 61 24 53 -32
l-6 -44 38 15 c96 40 183 109 234 185 13 21 19 23 35 14 39 -23 58 -83 58
-181 0 -84 1 -90 16 -77 41 37 67 -87 32 -148 -22 -37 -90 -73 -168 -87 -32
-6 -60 -11 -62 -11 -10 0 2 -20 33 -55 95 -106 196 -289 233 -425 12 -41 24
-77 28 -80 5 -4 51 -19 104 -33 220 -60 436 -165 530 -257 27 -27 53 -66 65
-95 10 -28 29 -65 41 -84 53 -78 43 -158 -40 -329 -6 -12 -54 -67 -106 -121
-88 -91 -104 -103 -203 -150 -197 -94 -357 -143 -523 -161 -161 -18 -161 -18
-194 -56 -17 -19 -31 -42 -31 -50 0 -8 -12 -26 -27 -40 -26 -24 -26 -27 -15
-71 14 -52 4 -75 -22 -53 -32 26 -46 5 -46 -67 0 -69 0 -69 124 -423 37 -107
47 -125 66 -128 38 -6 276 77 396 138 438 222 763 600 916 1065 169 513 89
1106 -210 1555 -63 94 -68 101 -163 209 -374 429 -952 655 -1534 600z" class="color000 svgShape" transform="matrix(.1 0 0 -.1 0 493)"/></svg></svg>
